80063265
60033312
70108777
70056430
21878564
70243455
70262639
70259171
70045850
60021783
70044379
70114023
70056440
70173048
70058024
70039175
70060015
70213514
60000929
70202129
70020728
60004480
70273212
70079583
70083113
70127227
70110558
70118402
70077557
70202148
70059988
60034560
70202145
26004747
70219487
70044691
20557937
70178621
70108779
1056189
70011211
70127226
70213512
60031236
269880
60022398
80097221
70058013
60011649
60034571
60033320
70267241
70143807
70171581
70111323
70109689
70125550
80041653
70098610
70264797
60031274
80079265
70041961
60024935
60027580
60026148
70044903
70226287
70184052
70021642
70259680
70020509
60001220
70060016
60010487
60029176
70044704
60032563
70021652
60010488
1080395
70119812
80064273
70090336
70262640
80068016
80039717
207856
70058026
70021644
70185071
70119441
70114022
70213469
70084799
60004483
60027695
526264
80102580
60026123
60010110
80103317
60011404
287357
22005842
60031303
60000521
60004484
70039535
70108987
70021630
287348
70153859
765912
70101276
60004467
70021664
997287
70103763
1154332
70060018
70117305
60010139
70018720
1078313
60023638
60031884
60000544
1191648
19054266
80044267
80039517
70041963
80094727
60010111
70084796
60002907
18957546
1078321
60010140
60024059
70060005
80092420
60010586
1145882
80085417
80116914
26205401
70217385
80097373
70211475
70105366
70249090
80014870
70303427
80091411
80097857
80117233
80091303
80075566
80091658
80002566
80124665
80124015
